3429007557
3185017102
3185017103
3185017104
3185017111
3185017118
3359670281
3359932455
2290712692
2290712693
2290712694
2290712701
2290712708
3343187987
3632070731
3553099953
921371908
962625537
962691073
962756609
982253588
982974469
1138982913
1146650625
1234862090
1357873161
1551859713
1640824833
1769570305
1880752129
1921777665
1964179457
2026995713
2069823688
2114027539
2148237313
2151743495
2151776265
2198044676
2246541313
2246541335
2246541493
2246574110
2246606996
2250833965
2407497729
2432827457
2465988609
2520154113
2566062081
2958852105
2959114258
2967339013
2967371790
3922264102
3922329644
2930606296
2930606297
2930606298
2930606305
2930606312
2935586955
2935586956
2935586957
2935586964
2935586971
1805647997
1805647998
1805647999
1805648007
1805648015
3719823815
3039789133
3039789134
3039789135
3039789142
3039789149
3117187073
3122167821
3124854788
3127738369
3172139026
3177381891
3177807873
3181182993
3182100500
3215360007
3719824018
3191341136
3191341137
3191341138
3191341145
3191341152
2930475379
2930475380
2930475381
2930475388
2930475395
4030759689
4036919303
2484273245
2484273246
2484273249
2484273256
2484273263
2960064663
2960064675
2960064684
3260776627
3193405615
3193405616
3193405617
3193405624
3193405631
2281603290
2281603291
2281603292
2281603299
2281603306
3075080332
2931327064
2931327065
2931327071
2931327077
2695004281
2695004282
2695004285
2695004292
2695004299
2661777583
2661777586
2661777589
2666627136
2666627163
2666627180
2666627197
2666627204
2667085878
2667085885
2667085902
2667118643
2667118655
2667118662
2667118669
2667118676
2667118695
2667118705
2667216946
2667216953
2692513797
2694512852
2695037172
2695856408
2698412033
2699165837
2702344258
2702376988
2702377038
2702409741
2702409784
2822832240
2872213505
2872311813
2874802233
2891579410
2891710502
2891972617
2892005383
2892201989
2897248275
2897346964
2897347025
2898493448
2898755585
2898853889
2898984961
2900066321
2902097921
2911174682
2925461522
2940698644
2940796981
2957148166
2960982026
2974154873
2974187573
2974187583
2974318654
2975301633
2997420058
3002662917
3023011870
3057713153
3064823809
3067674690
3076718668
3076718743
3083796481
3087237136
3091169281
3091300353
3115876353
3127312385
3195437057
3199139841
3207790597
3215818842
3215949885
3216670721
3216703489
3238690852
3246751745
3312746544
3320020993
3327950856
3327950865
3341320244
3341385806
3341910019
3343155208
3344105477
3344203794
3344662535
3379494931
3379560462
3379724293
3380248613
3380379676
3380609039
3381592090
3381690369
3382083602
3382280199
3392929793
3508404305
3611983877
3685875714
3706585091
3706617858
3706912773
3978821634
2852913273
2893611009
2893938714
2895872017
2896330758
2896887809
2903015443
2903048225
2903048232
2903113729
2906226729
2923266068
2923528193
2945187847
2979561523
3045392400
3045654552
3050340362
3070754836
3073638407
3073802313
3128721411
3150544912
3150643203
3150643212
3151200257
3151200268
3151200286
3151200324
3151200349
3151200360
3153035265
3153035284
3155558401
3159556101
3159621639
3191930881
3196387333
3203694607
3204349963
3204382732
3208871945
3212050433
3219750913
3219947521
3224043522
3238821904
3251372047
3251830789
3253174375
3255238688
3255566366
3260448769
3279847442
3283222556
3288203269
3308355724
3316744197
3327131649
3331981317
3335585795
3336732701
3338502177
3338797061
3342794804
3345711155
3346464796
3353378840
3357573125
3376939010
3378577422
3394764808
3401482263
3416981505
3432481384
3432481460
3433365658
3435134986
3436970005
3441197060
3460759555
3465150478
3467411459
3467509783
3467509795
3501260801
3506864130
3527016450
3566338064
3582885892
3583148035
3594190861
3594256388
3594256399
3594256409
3598417925
3610083329
3614965767
3619454984
3619618830
3626074122
3626139665
3691970569
3731947580
3756621845
3758718985
3783131137
3810525220
3850371080
3855745034
3862626308
4090888196
1851162701
1851162702
1851162703
1851162711
1851162719
2763423745
1312948316
1315897411
1336573955
1336573966
1336606723
1336606748
1336737809
1336737820
1337229313
1337262091
1337262102
1337262124
1337360385
1337360398
1338802234
1340014606
1340473358
1340669953
1340801031
1380646913
1380679685
1564311576
1564803084
2930573429
2930573430
2930573431
2930573438
2930573445
196681
229790
819201
333250571
333250771
3893166165
2930180222
2930180223
2930180224
2930180231
2930180238
2928902218
2928902219
2928902220
2928902227
2928902234
3240558648
3240558649
3240558650
3240558657
3240558664
80969801
80969803
80969806
80969866
81133600
123633673
194445386
194674752
341409795
451313668
478281729
592445453
889290781
984547329
1065779225
1252917269
1252917298
1255768068
1255899157
1256095778
1367474285
1502707734
2007531550
4027908097
4027973645
1007616020
1007648780
1007648811
1007648842
1007681588
1020264487
1571881280
1574961172
1574961196
1583677481
1583743010
1585446920
1603731540
1620049985
1626144809
1627357291
2096824350
2097283101
2198405137
2246639668
2250768403
2263416844
2296479749
2297987131
2298085459
2457370625
2461859841
2483683349
2513108993
2513141783
2533359628
2643558421
2653552658
2666594325
2695888897
2703294465
2713026561
2713026617
2722070555
2724495368
2726264939
2727903250
2731474951
2738094081
2738946051
2744352772
2747138074
2753953835
2757033989
2757296135
2762702849
2770108461
2785476640
2794946567
2797469734
2811592709
2815098916
2820145284
2834628647
2835841031
2865528833
2880143369
2880339977
2881716227
2887450673
2895937543
2905800705
2910126141
2911109137
2911207425
2916122655
2917236754
2933882957
2938142728
2940076094
2943877170
2950266885
2950332419
2956034055
2957639759
2957705254
2970550273
2973073477
2973564929
2981691393
2981920769
2986082360
2994798601
2997059605
3010101259
3012526092
3019276293
3021013035
3021176835
3021766675
3023274022
3027828743
3028975619
3031171085
3033333761
3037331469
3037659137
3038085123
3039690758
3042508801
3043917908
3045294081
3046670368
3056402495
3056599088
3056631845
3056730139
3056828443
3057090575
3057123357
3057254460
3057352711
3057385492
3057418254
3057549332
3058434049
3059679241
3059843328
3059974165
3060039687
3060039694
3060137996
3060138003
3060170755
3060170783
3060334593
3060334600
3060400129
3060432917
3060662273
3060858897
3062530204
3062661196
3062661203
3062661214
3062661224
3063545955
3063578677
3063611522
3063644232
3063644241
3063644248
3063644258
3063644265
3063709775
3063709782
3063709789
3063873624
3063906324
3063906354
3063939125
3064102950
3064135730
3064135769
3064201289
3064201296
3064234069
3064266800
3064332351
3064397872
3064397893
3064463422
3064561702
3064594536
3064660011
3064725551
3073310742
3081371656
3082682382
3085402159
3086647321
3096674312
3118268417
3118465025
3118923777
3119120385
3127607301
3130687489
3132424410
3132424428
3132588259
3133865985
3134160905
3140255751
3141304331
3143335939
3150577665
3162964015
3163389961
3175972871
3205955585
3213721611
3218341891
3222011907
3222732808
3225780236
3226468362
3239116827
3240263699
3241246822
3242754055
3243671577
3243769898
3243769907
3243835406
3243868201
3243900929
3244261438
3249340424
3250618394
3251240974
3251372038
3251503105
3253239817
3261235417
3265232897
3266805761
3285647361
3292069897
3296591877
3296624645
3303538697
3303538706
3314483201
3318317063
3320905734
3323658243
3327819780
3328278529
3329982473
3331948559
3332505611
3332636694
3336962058
3337879609
3338043428
3338076223
3338109016
3338305590
3342794778
3357016065
3357016078
3360129095
3360325674
3360555033
3360817184
3364519940
3364651010
3371040769
3371106315
3374907393
3382444051
3386834945
3387293698
3394273281
3395616770
3419832321
3420487681
3567321092
3606708226
3674636291
3751116803
3872620561
3898441733
3910893596
3942809604
4001071112
4014243851
3207463096
3207463097
3207463098
3207463105
3207463112
911966278
914423949
915767354
915800068
915931172
3188391992
3188391993
3188391994
3188392001
3188392008
3307929793
3635183691
2767978612
2767978613
2767978616
2767978623
2767978630
3671359567
2917302330
2917302331
2917302338
2917302345
3260252165
3006464297
3006464298
3006464299
3006464306
3006464313
608796729
608894977
1778516090
3343384633
114360350
114491804
114950145
2275049607
2277474312
2277474330
2277703702
2277703709
2277703723
2277834755
2278424591
2281504908
2281537578
2281570363
2281570390
2281603124
2287206425
2287337489
2287697946
2287960205
2290614347
2294906899
2296479906
2298085503
2298380291
2301624386
2301755475
2301788224
2301853958
2301984825
2302115939
2302148631
2302148665
2302148679
2302312461
2302312481
2302312490
2311061519
2311159837
2314174499
2314567691
2314600451
2317713412
2317942785
2334130251
2334326901
2334326981
2360475656
2361032754
2367062039
2369388651
2385215489
2386821149
2390130736
2392555565
2392621078
2407628832
2407628839
2410053658
2411528244
2411528263
2413723649
2434433025
2438201345
2440101903
2443804763
2444918787
2445410412
2445475845
2454781960
2454781967
2455306275
2484043779
2491580430
2491744274
2508947457
2534211589
2544893964
2559049743
2573828099
2577498115
2581168129
2584117415
2585100289
2587656225
2588147814
2596667406
2611708005
2615836712
2618687489
2619572233
2621046807
2621046820
2622619651
2624782337
2647162885
2653585421
2653880338
2666627083
2669576208
2675179525
2695856286
2695856293
2696478721
2699001857
2718007297
2721513476
2724495361
2724692084
2728230935
2741829645
2741829683
2742616067
2742648855
2742878222
2750808065
2752774145
2759917585
2760114191
2760179723
2760310801
2760441859
2762047489
2762113025
2764111877
2765815827
2766209036
2766962691
2769977365
2770141227
2777153548
2780987395
2782625793
2793635841
2794913797
2798682115
2840789001
2860449850
2878668869
2884861965
2894725135
2902032398
2906161175
2906161182
2906521705
2906816538
2907570185
2913501217
2923102217
2929590277
2934145056
2935717901
2939224122
2940436481
2940534813
2940796951
2942238730
2945515547
2948136963
2953478332
2958524449
2961801217
2966880289
2973990949
2977529863
2986147854
2989621249
2990047233
2995552257
2997977105
3002695681
3009118229
3018719233
3023306757
3023798287
3039199239
3041787905
3044704257
3048341520
3066331145
3066462209
3075375107
3084288009
3102769157
3105095681
3106013207
3113910299
3114106881
3121184771
3145498625
3172663299
3175841795
3221716999
3221815323
3221913605
3222241297
3222667267
3230629938
3231186945
3231318017
3233579018
3250487297
3273293860
3273621513
3292102671
3297902593
3305308163
3320447011
3329097733
3335651329
3355705345
3355770881
3360391185
3360522262
3367043073
3376807937
3401416708
3402366977
3410329603
3436576832
3452174344
3459678241
3463348235
3505881097
3536420866
3544907777
3569319937
3646849029
3658153985
3666968590
3691446275
3694395402
3711795202
3714482177
3719987212
3721625605
3773202436
3847290881
3894050820
3894280193
3904798726
3932028938
3999039492
4011917319
4026761217
1377239049
1380712763
1380745230
1380745243
1381007366
1386414199
1413120005
1433272321
1439629412
1443102737
1443102750
1453490197
1463353345
1495826437
1519845404
1544028178
1550876702
1550876811
1550909484
1609990165
1620050022
1620082708
1640792071
1644068865
1666482177
1721827333
2156036361
2326921427
893386874
893550600
893583383
893681665
933789911
2504818819
2504818820
2504818823
2504818830
2504818837
2942238739
3128721614
3128721615
3128721616
3128721623
3128721630
3029729340
3029729341
3029729342
3029729349
3029729356
3516137487
3516432575
3516432630
3516432644
3516432658
3516432672
3516432694
3516596251
3544678406
3594518578
3626008609
3626467344
3626598413
3641147557
3845357569
3884122113
3021275254
3021275255
3021275256
3021275263
3021275270
2930376771
2930376772
2930376773
2930376780
2930376787
3893068003
4077486082
4078927874
1546911829
1547010313
1547010338
1547010584
1547796536
1547862019
1548222465
1550909561
1564311758
1564311767
1564311880
1564311911
1564311932
1564312040
1564312093
1564312112
1564344570
1564344796
1564803370
1564803475
1564803518
1564803528
1564803578
1564803669
1564803696
1564803799
1566703629
1566703938
1567227923
1571422249
1571422276
1571422288
1571422353
1571422370
1571422380
1571422452
1571422473
1571455015
1571455098
1571455116
1571487754
1571487856
1571487912
1571520639
1571520659
1571520675
1571520716
1571586066
1571586211
1571618884
1571651738
1571651777
1571848223
1571848332
1571913877
1574961260
1583480882
1583513694
1583677537
1601732643
1601929252
1602093070
1603797026
1613136237
1620214034
1620410522
1914732547
1943732242
1946386433
2060222493
2060910658
2070085658
2707030019
2726232181
2770894849
2782789635
2782953473
2783313921
2784755713
2784756041
2784756111
2784756195
2784756266
2784756503
2790555649
2790588441
2790588460
2790621185
2792652801
2794684417
2796355587
2797404194
2797764609
2798354444
2798813214
2799173653
2801860654
2802188325
2802188348
2803138594
2805071887
2805071960
2807562267
2812411909
2812510211
2812968994
2813362217
2813722629
2815590428
2818998384
2819522564
2819915811
2823258139
2823454772
2826010651
2827091993
2860941329
2861006857
2865070085
2865070097
2870214657
2870247429
2870247436
2870509569
2875588633
2879750159
2887942195
2899083286
2908356644
2912452618
2922053633
2932048032
2933883013
2934505491
2935193601
2935193626
2945155073
2951774260
2952396814
2954526725
2954657904
2954821683
2955640833
2957279325
2958000142
2958163973
2958393377
2958393398
2961244165
2961604642
2970189825
2974220301
2986967066
2988376078
2989490183
2990931991
3004596253
3012362242
3016785949
3029368833
3035660289
3035987985
3036250139
3043917860
3044540440
3048964125
3061841928
3062530076
3062661129
3064168478
3064397954
3066298426
3066724366
3067117570
3069542433
3081306267
3085172745
3098705936
3098968086
3106504705
3111518209
3125805057
3133505537
3154280453
3167354881
3167813647
3196944401
3198025798
3214770177
3219914755
3220668417
3249143819
3249504261
3253403759
3253862435
3253862450
3254255631
3255533569
3255730185
3261333542
3268247567
3289907212
3290202113
3290333187
3290365960
3290628099
3290660865
3290759169
3297345537
3297509411
3299835905
3302227976
3307667457
3309338645
3318480897
3319627884
3320086529
3323232463
3323232532
3323297831
3324182549
3325132803
3325198366
3325263896
3327590402
3329818626
3334438913
3335684134
3335913504
3335979020
3340533815
3344269313
3346038785
3348693129
3350364188
3351805961
3357245472
3357311005
3357311021
3360260097
3360325635
3365306371
3370778625
3370942465
3375104001
3376513090
3379462145
3380379661
3382542349
3383197699
3383820289
3392700417
3399745537
3416260625
3421601826
3421798412
3435135014
3442081799
3450241073
3450273854
3530981396
3535208845
3535699979
3535962114
3537829894
3555360774
3617095687
3628826629
3637968947
3638296606
3638591511
3638984709
3654778888
3655565314
3674865683
3674963991
3675160598
3676897356
3679453185
3679485957
3742466113
3786670082
3805052931
3859546122
3865542659
3865608194
3881467905
3889135620
3892215811
3894673488
3895623699
3895623742
3915972621
3968892931
4034134019
4043440133
4046323713
4076994581
2200699119
2389999729
2407465041
2407596128
2409529384
2409660439
2911961096
2921103361
2924118017
3640131633
3640229929
3640459315
3640786948
3641016321
3641114692
3641114711
3641114724
3641147443
3641147453
3641147472
3641180205
3641212965
3641212995
3780083729
4041015326
4041080851
4041277492
4046749699
893321321
893485274
893485294
895909964
905216001
905281566
905478198
915898434
916586619
916881461
916881572
916914208
917536789
921468932
922517596
923074631
944209930
944209949
951156756
963870725
965115905
966197249
1077510149
1213628417
1297121281
1366982740
1367048249
1367244843
1367343132
1367441438
1367474205
1673396241
1673461778
1735589889
1791197189
1791623179
1895399429
2077261825
2104393742
2169405447
2176712715
2216591363
2250539009
2263351305
2412740622
2413461511
2414051329
2430664714
2445607004
2445738039
2479980562
2517106717
2759852033
2791768069
2816966664
2818539533
2869198849
2874146850
2879258633
2917236849
2919268361
2934571009
2942173212
2943778817
2971762691
2972090373
2975596560
2989916161
3013771265
3043229697
3069902864
3081568259
3082321933
3107618821
3114958849
3126493187
3140747273
3148316673
3150348303
3185279024
3201433601
3207692308
3211001859
3212247041
3296100369
3325919284
3348004893
3348070423
3348103195
3348201499
3348234284
3349970945
3351805953
3364225025
3367534593
3392438273
3408429057
3439984641
3619389442
3636592641
3661856783
3698688001
3807870985
3808395265
3808657411
3842605058
3923574790
3924754458
3925147884
3925147905
3925147920
3925147935
3925213191
3935404103
3935535270
3936157721
3936223239
3936288795
3936321538
3936321551
3936616450
3936780291
3936878630
3949068291
3963420675
3963486227
3995795458
3997761538
4001038338
4021026822
4027809817
4038492176
4077649924
3159064632
3159064633
3159064634
3159064641
3159064648
3171123269
3171123270
3171123271
3171123278
3171123285
2933325916
2933325917
2933325918
2933325925
2933325932
3614703809
921698469
921698473
921698476
921698489
935591943
3005251784
3005251785
3005251786
3005251793
3005251800
4031676642
3156836419
3156836420
3156836421
3156836428
3156836435
3200843777
896565268
896598159
905838618
1075380237
1174306819
1234862081
2337701899
4031381732
57409588
57409635
57507841
99975206
3638198342
2771288153
2771288154
2771288157
2771288164
2771288171
3087564865
3087564866
3087564867
3087564874
3087564881
2742911045
2742911046
2742911049
3040608323
3040608324
3040608325
3040608332
3040608339
2995618091
2995618103
2995618112
2995618121
2996436998
2999156737
3004203103
3004923934
3005775897
3006005314
3006234632
3006431235
3006562305
3008266247
3026386945
3006824628
3006824629
3006824630
3006824637
3006824644
93913107
99614742
99876868
99909796
99975182
99975187
150568961
161284097
284524559
1776091252
1776091253
1776091254
1776091262
1776091270
322764913
812810959
812875786
865992706
2198011905
3000762544
3000762545
3000762546
3000762553
3000762560
3006595097
3170631878
3170631879
3170631880
3170631887
3170631894
3098542136
3098542137
3098542138
3098542145
3098542152
4030759213
4059987995
909639811
909639815
909770753
914653232
916881545
917045300
917176337
918061057
918257665
919404585
923959297
933953592
934051901
934084824
937394272
966983681
971145231
989626391
1079574558
1847590913
1925349377
1939931151
1940226057
1952219184
2194014209
2194636825
2873163786
2935357516
3175776257
3184820240
3225976844
3242852355
3279913009
3310780481
3384147969
3731062826
4036591632
2940665972
2940665973
2940665974
2940665981
2940665988
919503074
919896073
919896077
920059962
933953537
1823539609
1843200001
1847033857
1883996205
2060910665
2069823508
2080964682
2089713687
2089877515
2089975846
2093088795
2093285396
2094235651
2104393749
2120089669
2120220734
2392260623
3363045377
3005252000
3005252001
3005252002
3005252009
3005252016
2931392795
2931392796
2931392797
2931392804
2931392811
3018489917
3018489918
3018489919
3018489926
3018489933
2930507892
2930507893
2930507894
2930507901
2930507908
3187769538
3187769539
3187769540
3187769547
3187769554
3384410144
3006464080
3006464081
3006464082
3006464089
3006464096
2762735676
2762735677
2762735680
2762735687
2762735694
3433496753
2935849020
2935849021
2935849022
2935849029
2935849036
3418685441
3427172354
2930508049
2930508050
2930508051
2930508058
2930508065
2930213000
2930213001
2930213002
2930213009
2930213016
2943778971
2943778972
2943778973
2943778980
2943778987
3590651979
3159031865
3159031866
3159031867
3159031874
3159031881
2619015286
2619015287
2619015290
2619015297
2619015304
3226271826
3226271827
3226271828
3226271835
3226271842
2562392120
2562392121
2562392124
2562392131
2562392138
3753246813
4094197763
2930180377
2930180378
2930180379
2930180386
2930180393
3085533368
3085533369
3085533370
3085533377
3085533384
3396796451
3396894749
3193634993
3193634994
3193634995
3193635002
3193635009
2854027399
2854027400
2854027401
2854027408
2854027415
2069823569
2069823570
2069823571
2069823579
2069823587
2093154369
2093154370
2093154371
2093154379
2093154387
3026714805
3026714806
3026714807
3026714814
3026714821
3005252234
3005252235
3005252236
3005252243
3005252250
3215556685
3215556686
3215556687
3215556694
3215556701
3177185357
3177185358
3177185359
3177185366
3177185373
2930114675
2930114676
2930114677
2930114684
2930114691
2876932160
2877063426
8355992
8356003
8421377
45383681
48824321
58458119
70189057
89849857
90308623
110166017
110198793
110297103
123240449
136118278
142376961
161316875
178913283
194445380
223019019
227049475
227147778
237699079
243400741
266731533
290357251
329154562
333119513
373129221
397639681
417234945
425426945
432209923
453083137
453279750
467337301
469958684
469958689
500531201
509313025
521043969
528810017
560496641
575340555
588120089
609320963
622133249
637730821
637992961
637992965
637992969
656572419
666239016
681181198
725909506
753860609
771981313
772079617
835387395
851509249
884932620
888668365
889192488
3458269366
2932342840
2932342841
2932342842
2932342849
2932342856
3158606219
3158606220
3158606221
3158606228
3158606235
1823015033
1823015034
1823015035
1823015043
1823015051
3586687178
1025835066
2932211793
2932211794
2932211795
2932211802
2932211809
2930475069
2930475070
2930475071
2930475078
2930475085
2931392627
2931392628
2931392629
2931392636
2931392643
1874952366
1874952367
1874952368
1874952376
1874952384
3193798837
3193798838
3193798839
3193798846
3193798853
3234168836
3240984659
3241214004
3241312308
3044376680
3044376681
3044376682
3044376689
3044376696
266665996
267026513
267026582
284426247
284655626
284753933
284819457
387612693
387612698
387612708
388497415
388497419
394362881
394362888
406028306
583008299
583041074
587005964
587989001
588021761
588021765
618954753
637960200
820609060
822247429
822444035
830472194
838828033
851476495
860553217
894205999
894206009
894369845
894599219
919503140
922681422
923074625
923107358
923107368
923140136
927858690
929103891
935165967
2852782136
2852782137
2852782138
2852782145
2852782152
2960064514
2961571860
3237904581
3237904582
3237904583
3237904590
3237904597
2883158165
2883158168
3893068223
3935535134
3935535163
2930638969
2930638970
2930638971
2930638978
2930638985
2932047928
2932047929
2932047930
2932047937
2932047944
1502773288
1505722385
1505722417
1514700933
1590034461
1601732624
1710129153
1712128009
1869545473
1914634270
1960640536
2139422729
2190475265
2240217089
2281537615
2334097424
2380234762
2430500872
2470412399
2530279427
2574221313
2618851336
2666496014
2734358569
2755428371
2770141197
2790359081
2805563426
2815066143
2853797889
2901475356
2917335043
2928607244
2935947266
2950987794
2967142433
2982871041
2997583873
3012231181
3023011894
3038380053
3051487233
3062399003
3077144583
3087794179
3099197441
3261235261
3261235262
3261235263
3261235270
3261235277
3184558142
3184558143
3184558144
3184558151
3184558158
2263416943
2263416944
2263416945
2263416953
2263416961
2991980551
2897412293
2955280484
2973597730
2973663358
2973761596
2981134341
3000434712
3000664065
3188621385
3189604539
3222405157
3224305692
3245670445
3249209345
3252781096
3257073665
3286794247
683442324
683442328
683442331
2779152387
2779185155
2779447301
2779840517
2784362497
2801270795
2802417673
2815131667
2815688894
2816573668
2816672002
2817654845
2817982469
2818474042
2818670603
2818801709
2818834567
2818998346
2819489873
2820997203
2821029959
2821062661
2822504491
2823225378
2825814045
2826928129
2840100879
2840657921
2842689547
2859008004
2865430529
2868641794
2868838401
2868871183
2869067830
2869329921
2869395457
2869460993
2874376203
2874540053
2875064323
2876932129
2877259802
2879389697
2879553537
2882109454
2882535434
2887385156
2887942153
2888663043
2897149980
2897313873
2900426787
2901508113
2907570194
2907668491
2907832328
2910748704
2912026626
2914320385
2915631105
2917466132
2918318086
2925068289
2926477315
2931523590
2931687425
2931916805
2931982441
2932834417
2938142721
2938208291
2942631945
2942730254
2943844387
2943909901
2954264593
2954526796
2954952743
2966683791
2967044101
2967044110
2970812427
2971107331
2972942337
2973827073
2976546838
2986180620
2986508338
2991718416
2992341017
2999058443
3003908100
3004727325
3005677606
3016884239
3016884257
3017474054
3025764353
3033399310
3033858049
3033858056
3033890817
3034775561
3035660312
3040804865
3045425201
3049062430
3051913217
3063611428
3063873558
3064365080
3064561681
3077242924
3078979601
3091693571
3098869784
3104178209
3106504716
3107356673
3107553287
3108929573
3108995073
3108995080
3109093402
3109421061
3109421073
3109552137
3160801281
3165814789
3187015714
3190751245
3190849551
3193864202
3196813313
3205070851
3207692319
3208019973
3208183842
3208314883
3208314894
3208445960
3214049281
3221782571
3253927945
3271524396
3271589918
3275390979
3280830487
3296067659
3296788519
3323953163
3332145161
3348267033
3376513062
3391422465
3431989713
3431989760
3432742959
3433300112
3448930306
3498016785
3498049570
3498082306
3498115229
3498180786
3741417474
3782574084
3866492929
3870031894
3925671960
4005920771
4066246659
1220739135
1220771886
1221066754
1221066761
1221099528
1221099551
1221165098
1221197847
1221197858
1221197867
1221361714
1333756026
1735196673
2738683912
2931294209
2931294224
3124166657
3124232193
3124363265
3221422121
3508338737
3508437031
3508994058
3509092370
3509288962
3512303617
3530686481
3530850312
3530850322
3531702281
3531997212
3545104389
3572105217
3573153804
3686531073
3846144001
3850174466
3867836417
4057661443
478511243
478511245
478511248
666239025
669646860
773292033
849838092
884015105
890732549
916258817
933789701
962068481
3144745021
3144745022
3144745023
3144745030
3144745037
1880227920
1880227921
1880227922
1880227930
1880227938
3611066560
3611820033
3647602695
3647668226
3647668238
3647799299
3647897603
3648225282
4030759451
3032547517
3032547518
3032547519
3032547526
3032547533
3059843275
3059843276
3059843277
3059843284
3059843291
2584117369
2584117370
2584117373
2584117380
2584117387
33224
196664
262146
37781505
41320449
49152004
49152019
49807439
61276161
64815105
70385665
78118913
90308627
114360321
161447960
181960723
194445313
194543645
216530945
219316225
227049480
266862593
322011199
322076682
372736009
432046081
444039169
548503555
656769048
856391702
875495444
883392539
884899842
885030943
885260289
886276111
886341651
923631644
936738832
946110465
983760897
988413962
1062535189
1094123521
1198325761
1232764929
1294139393
1385955338
1386020872
1386020889
1433141280
1439629339
1631322114
1637908483
1673461771
1678508033
1720975407
1769570341
1826586637
1880129537
1949040661
1960902657
1961000961
2129920005
2168684545
2172157961
2231435270
2246607027
2246934592
2247163920
2247917569
2389999750
2390098010
2395602957
2583167006
2584739845
2724692091
2734489601
2741174276
2756345859
2801664005
2802024453
2808578056
2815852562
2816311331
2820997129
2821029928
2834858054
2834858077
2835742751
2868674566
2873458692
2875588650
2877489159
2878472321
2904358913
2908520449
2909405212
2909798409
2910748677
2912256009
2917236813
2920939533
2932834428
2935455759
2937061379
2937880577
2939322401
2940141590
2941812760
2948431873
2951872529
2954297419
2972385302
2981429257
2986901527
2998435851
3002302465
3014852611
3015081989
3015376901
3028844567
3031334913
3039625217
3040051201
3055288321
3055943689
3071115356
3075932166
3078029315
3084025857
3103457285
3118530578
3118759945
3147726849
3183476741
3186360333
3187015683
3188621321
3205922834
3209953283
3230367745
3230433294
3241279497
3266117666
3273293833
3295117313
3379920942
3382476803
3390111751
3401678864
3407118337
3420749825
3420815361
3424747526
3426091012
3436544003
3456040961
3457941564
3477831688
3636232203
3657957385
3658285061
3661594678
3735257096
3791585282
3870720001
448069634
448233532
865927220
3674275910
3946021104
3241836717
3241836718
3241836719
3241836726
3241836733
2931228833
2931228834
2931228835
2931228842
2931228849
3430219839
3460300818
3462856714
3477569547
3477602311
3477602326
2930540626
2930540627
2930540628
2930540635
2930540642
3167486008
3167486009
3167486010
3167486017
3167486024
888635393
889127030
893452719
920223758
937361601
983400469
985235511
985333761
985530383
988348424
1213693990
1213694041
1213694065
1215135909
1215135961
1215135995
1218117637
1218117677
1221361726
1234927760
1236074594
1236238351
1236238374
1238171649
1249476621
1302036481
1302069334
1302102069
1302134865
1312882762
1316061187
1362100249
1364361231
1374486529
1401716737
1430814726
1460273159
1474887689
1477935105
1586888744
1587314705
1605238785
1622999062
1625456669
1642594431
1691484172
1702461465
1715175440
1805385729
1805484033
1825800221
1826029569
1879900165
1883144205
1961132041
1983545345
1989640193
2043019265
2050326533
2050424833
2089975835
2114027550
2125561863
2265382975
2267086894
2388099073
2480111625
2513567819
2523889695
2537717761
2634285059
2656993281
2766209053
2771091519
2797666312
2872934405
2938273821
2939486219
2939715589
2945908739
2946564111
2946990081
2950234113
2954657897
2955083782
2957344797
2959376385
2959441921
2960195610
2964979713
2979364867
2982903810
2998534182
3017605136
3018522657
3019178014
3019571212
3020423169
3021340679
3047522305
3048374279
3050209301
3058696205
3059220481
3060564007
3060793345
3062366380
3063709734
3063906305
3064037377
3065610241
3065872393
3067838698
3067871276
3068231710
3068952577
3069018113
3069018120
3070132241
3071148097
3071475719
3071639600
3071868937
3071967248
3071967255
3072917511
3086450689
3100475395
3103784961
3119874068
3128721424
3129278483
3129376771
3131375617
3131703300
3135045633
3160178697
3178102801
3178397714
3180855322
3181051934
3181051956
3181084686
3181346827
3199959043
3201499196
3203104772
3208216610
3217129482
3241246844
3244163101
3244785673
3286892551
3291578385
3296854056
3300032525
3305504769
3332243474
3336732683
3342303242
3432775709
3607298056
3714580485
3750592513
4031643666
1213562909
1213693983
1213694087
1213759509
1215136045
1215168569
1215922177
1215954945
1215954952
1217691688
57475134
57507849
123699204
314736645
480673806
497582081
528810068
582942721
582975507
603226113
637763601
893485079
893485084
893517876
894042176
894271508
894402590
895090689
895188993
895451143
895483922
895778849
895811592
895909892
897417217
900825089
916946979
920715283
920780836
920846337
920846354
920977418
920977422
928514072
1386414181
1393623041
1398308867
2126348293
3413147649
3488120836
27131976
1367048328
1367048335
2470117421
2470412329
2527625400
2572615706
1007648856
3035889714
936083521
936116274
936149458
936149479
936149489
936149495
936247321
936312856
936345613
937394307
937492481
944996353
948895745
965804101
971866113
985530396
985563238
986578945
1088421894
1089372161
1105231906
1108213791
1108213806
1108213811
1144127489
1158971395
1171849218
1198194724
1198391302
1198391329
1221197898
1221263453
1221394505
1300103169
1338802177
1367146497
1386020965
1386381344
1543995420
1544093721
1550909513
1550975135
1609859248
1609859280
1609990204
1610121225
1610121234
1610350625
1613135948
1613463565
1623031809
1625915397
1631322170
1631748117
1631748213
1631748220
1631780957
1631813741
1637711908
1637842951
1638137874
1638236161
1666973697
1680965633
1701904498
1732444161
1772650497
1823342601
1825767439
1851097163
1852407823
1872920595
1872953347
1873248265
1874886751
1874886787
1874985001
1883537409
1899462657
1904869377
1925414945
1925971994
1951367170
1953038345
1963819019
1966800897
2005073937
2007171081
2007171114
2069790721
2069823715
2073165852
2089910273
2096594945
2100559911
2103377940
2103377959
2118221859
2169077790
2239987721
2250571814
2264334339
2281504868
2291236922
2296545335
2302181551
2302312468
2314731780
2321580033
2337734657
2338258945
2358902875
2369388545
2380464207
2380988485
2390065175
2392457258
2392555527
2396061711
2396061785
2405826564
2418343988
2420572222
2420998226
2432827405
2432827424
2438037505
2445836348
2469855233
2470412433
2483355682
2483978302
2487222472
2488565775
2493513882
2493546585
2493546637
2501410817
2501410972
2501410998
2504196097
2504818856
2505113603
2508947472
2509504513
2509537289
2509799429
2509832197
2534047768
2559115265
2572615681
2583166995
2602729473
2616655873
2616655948
2618556424
2622423054
2639921246
2650931217
2662039610
2666528772
2669674509
2671771652
2674688018
2678521857
2678554640
2678587408
2678620194
2695725067
2713026650
2721775667
2729574416
2732621846
2732621904
2732621919
2732621970
2732621981
2732621992
2732622070
2732622081
2732622092
2734358589
2742353929
2746449922
2754052182
2755592194
2757558295
2770108435
2770239515
2788524033
2794684468
2807988234
2814279681
2815721476
2840199173
2840297473
2840330244
2853470283
2853765122
2855763969
2860580899
2872180760
2872180802
2874900481
2887155743
2888695827
2890203137
2892529667
2897346715
2899443719
2901835784
2908782620
2910158853
2910584895
2917400578
2920185880
2922381365
2923429889
2927493121
2928541697
2928902145
2930999297
2932965410
2935488515
2937061386
2937323523
2939551766
2939781148
2940305435
2940829719
2941845505
2941878273
2945777665
2950791169
2951315467
2953216001
2953773063
2956984321
2958753831
2960982089
2962620449
2967535649
2967863316
2973925517
2974187609
2975268919
2975301650
2975399937
2975465481
2975563791
2975924225
2979790865
2981330977
2983067649
2985951261
2988834830
2989424709
2989555745
2993455127
2996961301
3003973742
3004137510
3004203042
3004399619
3004399640
3004497927
3004596225
3004661761
3011379201
3011411976
3012395012
3016785921
3016884286
3021078544
3023011877
3026288646
3028746288
3029303323
3030482945
3030679553
3037134849
3037331511
3039395841
3043754003
3044409358
3048865793
3050405895
3056795686
3060858938
3062857734
3062923273
3063316481
3064299550
3064561695
3066527745
3071213625
3071868958
3076751369
3077275704
3081273350
3081404447
3084812291
3085074433
3087663105
3089530884
3098509313
3101130753
3105325061
3110207489
3110961153
3111124993
3118989317
3119939586
3122397222
3122987009
3122987026
3123347457
3127738388
3134816257
3135406081
3146514433
3148447745
3155099649
3160014849
3162013697
3172925457
3173908481
3177742351
3178790913
3181117460
3185639425
3186819096
3187310593
3187376129
3189899271
3191930896
3198451724
3200024577
3202383881
3202744321
3207856129
3209494529
3211821063
3216834577
3223388161
3223584769
3229188097
3231645733
3231678483
3231744012
3232038925
3234463745
3234693121
3238920215
3245441035
3245670412
3250389013
3251634205
3253043233
3259957289
3262447617
3262873601
3270934529
3271458829
3277848577
3278962731
3281223705
3281289228
3283779598
3287744513
3297804293
3299934227
3308355709
3310256129
3312877569
3316252673
3318710273
3321331786
3323199489
3324805123
3326377989
3336142849
3338764289
3344367630
3345055745
3353804807
3361341470
3369107457
3375136769
3385950213
3389915137
3393912836
3396567041
3400335365
3401121797
3404955650
3408429083
3409510401
3411279873
3506929682
3529179138
3666771990
3667099674
3667558403
3667591169
3667591180
3667591190
3667951652
3667984403
3676897453
3676930215
3687972866
3690627074
3691479066
3691479076
3691479088
3691872284
3695542300
3736862721
3736928257
3770744833
3770777625
3775725571
3788963843
3789225985
3806822454
3813867524
3961880585
2930606139
2930606140
2930606141
2930606148
2930606155
3451650052
3451945152
3451945249
3456499718
3456532487
3474718729
3508371467
3530719234
3550674954
3580887051
3606937616
3620339720
3644620823
3666870282
3675947010
3691446296
3712319490
3729817601
3752132625
3768516612
3771039746
3791421442
3808198657
3849650182
3873898497
3873931265
3898179585
3904077825
3911155713
3931832353
3932520456
3932749826
3932946433
3972792322
4033085448
4036329513
4036395043
4036558881
4038295557
4052254722
4054024199
4054024212
4054155279
4054417417
4054417435
4054679559
4054745094
4054745104
4054876162
4055007236
4057399310
4077518850
4086431747
4091281425
2997780538
2997780539
2997780540
2997780547
2997780554
3211264083
983105668
20054040
20316161
46039041
99614736
103448590
114622483
123207697
154206209
174948354
194445337
222363649
261292033
271843436
290390017
325681187
366608385
406061063
445317121
467370002
480542721
548798595
585105414
601554959
617250819
625901571
631701505
637730863
637763615
637960246
648609798
648773655
669777941
683442189
708444161
735510529
753827847
754515969
772734984
791379969
812843009
822542337
840826888
846397443
851443735
856424461
860422158
863338497
863371270
875462659
882573315
885719041
887554049
887652353
888635416
889749509
891584513
893124609
894763014
896860177
902234117
906756099
916586516
919371828
919404617
919470100
921763881
924254209
924450817
924516355
934215735
942178316
944209980
946602014
959512628
966066211
969965583
971735058
973930501
982220809
985071622
986775570
988348449
1007616105
1031503905
1042677795
1050214401
1050279940
1078034437
1113063429
3187965972
3193307138
3193372871
3193372883
3193372892
3193536513
3193536531
3193536564
3193536575
3193536586
3193536619
3193536642
3211132929
3226959873
3227025409
3230629945
3230728236
3236102145
3247013889
3248324618
3251798017
3258712072
3258744833
3258777604
3258843137
3258875905
3259039745
3259072513
3259138049
3259400215
3259596805
3259924488
3269165073
3274539026
3276177409
3276505110
3281322020
3293708348
3294429189
3295215622
3302359052
3303309313
3306160143
3306225673
3306455041
3306455109
3306749953
3309699115
3310780436
3310911504
3311861774
3312680961
3315531781
3315793929
3316121601
3317825555
3317858317
3319332865
3322806296
3323756553
3330375698
3332079659
3332276242
3333750800
3334930453
3334963219
3336503331
3337256981
3337617409
3339681802
3340337153
3340894209
3345580056
3345645616
3348627477
3350822913
3354492929
3357311050
3359047683
3360292872
3362095105
3372384257
3379593224
3379822596
3381133313
3384311821
3385982985
3386146817
3388178433
3388735489
3396567059
3396632582
3396993028
3396993044
3397025808
3397025832
3397124116
3397156865
3535765546
3535994890
3536191500
3536322563
3757375506
3811508225
4011261969
4056055815
2908389386
2908618781
2996043777
3046834216
3083304963
3165945875
3166240780
3166601217
3256844289
3308781569
3369271300
3450634295
3450667176
3450667246
3450667260
3450667316
3450667584
3450732575
1201602593
1201864831
1221263593
110133414
110395400
110428176
276692993
451379209
689864712
818479105
818479185
917635083
917635102
917766149
962068536
2782396745
2782397073
2782397143
2782397227
2782397298
3725557840
3296821320
3296821321
3296821322
3296821329
3296821336
1904902316
1904902317
1904902318
1904902326
1904902334
2807824581
2807824584
2807824587
2807824602
2807824611
2807824620
3719823570
2487222424
2487222425
2487222428
2487222435
2487222442
2979627020
2986213408
3698098245
2932899947
2932899948
2932899949
2932899956
2932899963
86179910
86179920
86179925
2301788193
2301853858
2301853862
2301853865
2301853881
1883537619
1883930642
2073559045
2073559056
2175500323
2176024585
2390065280
2395766797
2983985165
2987622425
2988441609
2988507139
2993258507
2994438154
3011149898
3026518043
3027075083
2895478919
4091346952
4091543822
3265134646
1343226016
1343226020
1343226023
1343226039
3655598151
4030759927
4038885408
3632070920
2930475224
2930475225
2930475226
2930475233
2930475240
2994339841
3185803325
3185803326
3185803327
3185803334
3185803341
2194833571
2194833572
2194833573
2194833581
2194833589
2758705281
2758705282
2758705285
2758705292
2758705299
2974744581
3007742037
3007742038
3007742039
3007742046
3007742053
1502019703
1502117889
1585414259
1585414270
1585414277
1585512449
1585512555
1586888754
1586921531
1587085348
1587085359
1587085386
1587150872
1587150879
1587281972
1587281979
1622147128
3158606001
3158606002
3158606003
3158606010
3158606017
3719824221
2888597564
2888597565
2888597566
2888597573
2888597580
3638198543
3085369531
3085369532
3085369533
3085369540
3085369547